N <- 250
63884, 36, 240, Occidente
14852, 33, 129, Sur
56429, 137, 2, Centro
70461, 219, 132, Centro
38875, 218, 19, Sur
37174, 215, 249, Occidente
19078, 88, 109, Sur
16150, 243, 106, Oriente
30284, 137, 41, Sur
13550, 127, 36, Centro
64719, 90, 201, Occidente
68337, 157, 163, Norte
39147, 35, 189, Occidente
67273, 207, 139, Oriente
95759, 22, 237, Oriente
90459, 184, 11, Occidente
17372, 101, 243, Oriente
72005, 108, 81, Norte
61426, 233, 56, Centro
36076, 154, 128, Occidente
69727, 145, 224, Oriente
23876, 151, 53, Centro
12390, 213, 115, Oriente
20666, 11, 157, Occidente
68188, 146, 106, Sur
40065, 242, 150, Oriente
90613, 213, 229, Centro
95127, 48, 186, Occidente
59278, 143, 109, Occidente
33374, 7, 123, Sur
52499, 109, 65, Sur
92404, 40, 57, Centro
41739, 203, 66, Sur
93661, 222, 123, Occidente
25899, 187, 100, Norte
28644, 192, 21, Oriente
81693, 97, 70, Oriente
79577, 205, 98, Occidente
22223, 24, 54, Norte
19291, 225, 179, Oriente
94152, 168, 96, Norte
11647, 90, 227, Occidente
66456, 85, 240, Norte
34414, 81, 89, Occidente
14150, 91, 197, Sur
74794, 70, 105, Norte
59129, 10, 188, Norte
12115, 226, 122, Centro
62814, 26, 231, Oriente
56505, 159, 175, Norte
54792, 119, 172, Sur
35635, 30, 36, Centro
20775, 90, 67, Sur
62438, 229, 191, Centro
51664, 247, 172, Norte
60533, 248, 2, Occidente
33528, 88, 195, Centro
71413, 35, 6, Occidente
84832, 175, 231, Sur
85696, 99, 139, Sur
44675, 62, 33, Norte
49628, 88, 242, Norte
17177, 50, 26, Occidente
74703, 191, 2, Oriente
23178, 202, 68, Oriente
67281, 210, 69, Centro
10101, 187, 109, Oriente
40468, 182, 28, Norte
23391, 49, 249, Occidente
74446, 73, 193, Oriente
29271, 177, 49, Sur
76757, 159, 201, Occidente
38498, 173, 202, Occidente
35717, 119, 149, Centro
18878, 168, 190, Occidente
40856, 185, 226, Oriente
83147, 186, 154, Sur
10198, 126, 2, Norte
83910, 46, 56, Oriente
98001, 33, 244, Centro
22129, 142, 55, Occidente
10604, 15, 4, Sur
35665, 167, 22, Occidente
30469, 202, 187, Centro
54060, 228, 102, Centro
81879, 35, 234, Centro
55041, 46, 123, Norte
49674, 1, 94, Sur
71999, 197, 0, Sur
23969, 64, 217, Norte
43099, 141, 89, Norte
29743, 78, 206, Norte
37355, 179, 30, Oriente
77730, 30, 145, Occidente
25040, 9, 180, Sur
22294, 184, 176, Occidente
23526, 71, 213, Occidente
41287, 38, 96, Centro
31298, 173, 84, Sur
85949, 21, 69, Occidente
67950, 103, 10, Sur
86673, 170, 89, Centro
78859, 157, 110, Oriente
38846, 29, 163, Oriente
28412, 247, 250, Oriente
22809, 11, 199, Oriente
69640, 33, 10, Sur
21693, 11, 71, Sur
85224, 234, 22, Sur
52091, 190, 28, Centro
95699, 82, 179, Centro
15871, 41, 106, Norte
25384, 115, 188, Oriente
19487, 224, 224, Occidente
93643, 150, 171, Norte
30206, 116, 131, Sur
21470, 180, 210, Sur
99516, 124, 222, Centro
95723, 24, 25, Sur
75316, 0, 126, Norte
35032, 26, 203, Oriente
17838, 31, 87, Centro
66949, 110, 2, Occidente
28093, 14, 31, Norte
76292, 29, 31, Occidente
19797, 117, 217, Occidente
45449, 193, 23, Sur
36272, 171, 182, Oriente
76948, 78, 56, Occidente
94506, 181, 230, Occidente
52422, 145, 203, Occidente
64095, 38, 235, Centro
41268, 239, 124, Occidente
53749, 33, 135, Sur
73126, 88, 67, Occidente
32944, 128, 28, Sur
62721, 178, 126, Occidente
61734, 71, 53, Sur
86498, 157, 212, Oriente
43283, 95, 218, Occidente
46614, 195, 188, Occidente
18944, 180, 93, Centro
34886, 157, 212, Norte
31808, 123, 70, Sur
62917, 200, 184, Sur
17134, 84, 95, Centro
72012, 38, 100, Centro
30603, 63, 213, Centro
21155, 221, 180, Oriente
46173, 239, 224, Oriente
45662, 127, 82, Oriente
99604, 247, 56, Occidente
57850, 239, 249, Centro
92548, 116, 218, Sur
77405, 128, 4, Occidente
90397, 51, 223, Norte
85083, 32, 168, Norte
26933, 199, 49, Occidente
41811, 146, 113, Occidente
76043, 249, 148, Occidente
33144, 64, 230, Centro
46779, 42, 136, Sur
71437, 189, 231, Occidente
72571, 132, 79, Occidente
76682, 240, 248, Sur
89847, 105, 53, Sur
89469, 25, 112, Norte
17993, 134, 226, Oriente
95838, 205, 198, Norte
64222, 241, 219, Centro
15154, 147, 123, Centro
30888, 52, 205, Occidente
55201, 233, 201, Occidente
90725, 75, 176, Norte
57263, 91, 92, Occidente
73777, 224, 131, Oriente
38434, 9, 170, Centro
89424, 75, 121, Centro
64852, 93, 134, Oriente
24356, 25, 22, Norte
42176, 107, 158, Occidente
11883, 89, 44, Centro
58541, 177, 154, Oriente
63451, 88, 159, Sur
40483, 186, 133, Centro
78736, 140, 164, Norte
91318, 236, 217, Oriente
57287, 39, 219, Sur
17777, 232, 114, Sur
28368, 77, 187, Centro
53391, 13, 29, Centro
34005, 209, 197, Sur
82650, 156, 129, Oriente
60843, 232, 90, Oriente
46807, 70, 16, Oriente
40607, 8, 228, Centro
57411, 11, 103, Sur
99079, 37, 0, Norte
39733, 190, 116, Sur
76484, 154, 15, Oriente
12331, 98, 135, Centro
28976, 25, 33, Sur
90914, 150, 125, Norte
87567, 179, 29, Sur
27686, 207, 242, Oriente
16064, 108, 197, Centro
73771, 80, 68, Centro
50336, 144, 168, Occidente
63849, 185, 189, Sur
12353, 2, 248, Occidente
71626, 129, 143, Sur
67667, 7, 177, Centro
68788, 153, 144, Occidente
78233, 56, 221, Norte
82995, 145, 154, Oriente
26891, 205, 78, Sur
42516, 102, 188, Norte
89077, 211, 129, Oriente
80259, 80, 183, Oriente
68713, 86, 243, Sur
38066, 141, 1, Centro
59407, 193, 119, Sur
42463, 77, 195, Sur
26516, 238, 52, Centro
94772, 228, 159, Norte
81742, 237, 163, Oriente
30061, 113, 139, Occidente
22038, 152, 83, Sur
91212, 149, 102, Sur
35658, 87, 214, Centro
46308, 74, 33, Occidente
35755, 182, 195, Oriente
18452, 154, 137, Oriente
96238, 98, 152, Occidente
57456, 156, 67, Sur
46304, 179, 216, Centro
76421, 224, 250, Sur
37297, 59, 3, Centro
82408, 197, 200, Centro
92713, 226, 238, Norte
22349, 119, 133, Sur
85341, 212, 204, Centro
12106, 172, 91, Sur
41525, 221, 213, Oriente
28924, 18, 7, Sur
79459, 165, 9, Norte
68821, 89, 113, Oriente
45119, 27, 106, Occidente
72178, 219, 55, Oriente
96160, 46, 155, Norte
29869, 242, 92, Norte
54882, 96, 175, Sur
76671, 72, 237, Sur
14120, 169, 237, Sur
94359, 223, 15, Occidente
74547, 19, 52, Oriente
73243, 127, 234, Oriente
75661, 138, 116, Oriente
31609, 39, 126, Centro
24560, 134, 27, Oriente
44421, 74, 28, Norte
82711, 185, 19, Centro
90654, 22, 163, Oriente
35754, 38, 43, Occidente
42253, 215, 49, Sur
76121, 238, 71, Centro
17314, 50, 111, Oriente
59576, 48, 245, Occidente
14303, 215, 239, Occidente
91103, 100, 237, Oriente
86065, 188, 120, Occidente
40229, 154, 1, Oriente
52646, 32, 118, Oriente
59499, 233, 158, Centro
36948, 151, 167, Oriente
36778, 194, 159, Norte
34211, 167, 208, Norte
90365, 103, 199, Sur
25546, 91, 138, Occidente
55507, 13, 169, Centro
75808, 144, 203, Occidente
82906, 48, 14, Norte
25272, 116, 106, Sur
70047, 103, 197, Oriente
40209, 69, 221, Oriente
17080, 108, 86, Oriente
94416, 150, 151, Norte
47116, 139, 148, Centro
20874, 26, 35, Occidente
23780, 109, 24, Norte
24024, 164, 221, Occidente
75600, 45, 127, Oriente
27261, 220, 231, Centro
89910, 117, 79, Norte
73364, 153, 61, Norte
90918, 215, 178, Sur
76736, 215, 39, Occidente
71539, 124, 57, Sur
14145, 166, 60, Sur
76796, 147, 129, Oriente
26087, 162, 175, Sur
39466, 109, 220, Occidente
48180, 75, 64, Centro
79078, 56, 21, Centro
56601, 119, 158, Norte
34247, 189, 50, Norte
94950, 93, 70, Norte
91651, 179, 186, Occidente
43055, 210, 15, Centro
76259, 26, 14, Sur
38712, 232, 56, Sur
96418, 166, 245, Centro
62082, 78, 110, Occidente
65886, 152, 33, Sur
51861, 212, 238, Centro
67709, 96, 242, Oriente
16697, 241, 201, Occidente
91127, 248, 107, Sur
60012, 98, 205, Occidente
21721, 105, 230, Sur
67679, 94, 12, Centro
49598, 121, 212, Occidente
99571, 34, 247, Occidente
53734, 216, 49, Occidente
43485, 53, 98, Sur
38918, 210, 20, Oriente
84292, 154, 79, Sur
86269, 25, 3, Occidente
94582, 186, 79, Occidente
24284, 131, 58, Oriente
32473, 112, 2, Sur
89300, 206, 119, Sur
68271, 65, 232, Sur
91738, 79, 33, Norte
43340, 203, 192, Sur
40438, 123, 141, Occidente
97520, 24, 121, Sur
99007, 188, 81, Sur
41199, 13, 99, Sur
20464, 145, 89, Occidente
91215, 24, 183, Sur
50295, 250, 34, Oriente
98063, 101, 224, Oriente
94207, 88, 240, Centro
